name: vggish
channels:
  - pytorch
  - conda-forge
  - anaconda
  - defaults
dependencies:
  - _tflow_select=2.1.0=gpu
  - absl-py=0.9.0=py37_0
  - astor=0.8.0=py37_0
  - blas=1.0=mkl
  - bzip2=1.0.8=h516909a_2
  - c-ares=1.15.0=h7b6447c_1001
  - ca-certificates=2020.1.1=0
  - certifi=2020.4.5.1=py37_0
  - cffi=1.14.0=py37he30daa8_1
  - cudatoolkit=10.0.130=0
  - cudnn=7.6.5=cuda10.0_0
  - cupti=10.0.130=0
  - ffmpeg=4.1.3=h167e202_0
  - freetype=2.10.2=he06d7ca_0
  - gast=0.3.3=py_0
  - gmp=6.2.0=he1b5a44_2
  - gnutls=3.6.13=h79a8f9a_0
  - grpcio=1.27.2=py37hf8bcb03_0
  - h5py=2.10.0=py37h7918eee_0
  - hdf5=1.10.4=hb1b8bf9_0
  - intel-openmp=2020.1=217
  - keras-applications=1.0.8=py_0
  - keras-preprocessing=1.1.0=py_1
  - lame=3.100=h14c3975_1001
  - ld_impl_linux-64=2.33.1=h53a641e_7
  - libedit=3.1.20181209=hc058e9b_0
  - libffi=3.3=he6710b0_1
  - libgcc-ng=9.1.0=hdf63c60_0
  - libgfortran-ng=7.3.0=hdf63c60_0
  - libiconv=1.15=h516909a_1006
  - libpng=1.6.37=hed695b0_1
  - libprotobuf=3.11.4=hd408876_0
  - libstdcxx-ng=9.1.0=hdf63c60_0
  - markdown=3.1.1=py37_0
  - mkl=2019.4=243
  - mkl-service=2.3.0=py37he904b0f_0
  - mkl_fft=1.0.15=py37ha843d7b_0
  - mkl_random=1.1.0=py37hd6b4f25_0
  - mock=4.0.2=py_0
  - ncurses=6.2=he6710b0_1
  - nettle=3.4.1=h1bed415_1002
  - ninja=1.9.0=py37hfd86e86_0
  - numpy=1.16.4=py37h7e9f1db_0
  - numpy-base=1.16.4=py37hde5b4d6_0
  - openh264=1.8.0=hdbcaa40_1000
  - openssl=1.1.1g=h7b6447c_0
  - pip=20.0.2=py37_3
  - protobuf=3.11.4=py37he6710b0_0
  - pycparser=2.20=py_0
  - python=3.7.7=hcff3b4d_5
  - python_abi=3.7=1_cp37m
  - pytorch=1.2.0=cuda100py37h938c94c_0
  - readline=8.0=h7b6447c_0
  - scipy=1.4.1=py37h0b6359f_0
  - setuptools=47.1.1=py37_0
  - six=1.15.0=py_0
  - sqlite=3.31.1=h62c20be_1
  - tensorboard=1.13.1=py37hf484d3e_0
  - tensorflow=1.13.1=gpu_py37hc158e3b_0
  - tensorflow-base=1.13.1=gpu_py37h8d69cac_0
  - tensorflow-estimator=1.13.0=py_0
  - tensorflow-gpu=1.13.1=h0d30ee6_0
  - termcolor=1.1.0=py37_1
  - tk=8.6.8=hbc83047_0
  - tqdm=4.46.0=py_0
  - werkzeug=1.0.1=py_0
  - wget=1.20.1=h20c2e04_0
  - wheel=0.33.4=py37_0
  - x264=1!152.20180806=h14c3975_0
  - xz=5.2.5=h7b6447c_0
  - zlib=1.2.11=h7b6447c_3
  - pip:
    - llvmlite==0.32.1
    - numba==0.49.1
    - pysoundfile==0.9.0.post1
    - resampy==0.2.2
