name: r21d
channels:
  - pytorch
  - conda-forge
  - defaults
dependencies:
  - _libgcc_mutex=0.1=main
  - autopep8=1.5.3=py_0
  - av=8.0.2=py38he20a9df_1
  - blas=1.0=mkl
  - brotlipy=0.7.0=py38h7b6447c_1000
  - bzip2=1.0.8=h516909a_2
  - ca-certificates=2020.6.20=hecda079_0
  - certifi=2020.6.20=py38h32f6830_0
  - cffi=1.14.0=py38he30daa8_1
  - chardet=3.0.4=py38_1003
  - cryptography=2.9.2=py38h1ba5d50_0
  - cudatoolkit=10.2.89=hfd86e86_1
  - ffmpeg=4.3=h167e202_0
  - flake8=3.8.3=py_0
  - freetype=2.10.2=h5ab3b9f_0
  - gmp=6.2.0=he1b5a44_2
  - gnutls=3.6.13=h79a8f9a_0
  - idna=2.10=py_0
  - importlib-metadata=1.7.0=py38_0
  - intel-openmp=2020.1=217
  - jpeg=9b=h024ee3a_2
  - lame=3.100=h14c3975_1001
  - lcms2=2.11=h396b838_0
  - ld_impl_linux-64=2.33.1=h53a641e_7
  - libedit=3.1.20191231=h14c3975_1
  - libffi=3.3=he6710b0_2
  - libgcc-ng=9.1.0=hdf63c60_0
  - libgfortran-ng=7.3.0=hdf63c60_0
  - libiconv=1.15=h516909a_1006
  - libpng=1.6.37=hbc83047_0
  - libstdcxx-ng=9.1.0=hdf63c60_0
  - libtiff=4.1.0=h2733197_1
  - lz4-c=1.9.2=he6710b0_0
  - mccabe=0.6.1=py38_1
  - mkl=2020.1=217
  - mkl-service=2.3.0=py38he904b0f_0
  - mkl_fft=1.1.0=py38h23d657b_0
  - mkl_random=1.1.1=py38h0573a6f_0
  - ncurses=6.2=he6710b0_1
  - nettle=3.4.1=h1bed415_1002
  - ninja=1.9.0=py38hfd86e86_0
  - numpy=1.18.5=py38ha1c710e_0
  - numpy-base=1.18.5=py38hde5b4d6_0
  - olefile=0.46=py_0
  - openh264=2.1.1=h8b12597_0
  - openssl=1.1.1g=h516909a_0
  - pillow=7.2.0=py38hb39fc2d_0
  - pip=20.1.1=py38_1
  - pycodestyle=2.6.0=py_0
  - pycparser=2.20=py_2
  - pyflakes=2.2.0=py_0
  - pyopenssl=19.1.0=py_1
  - pysocks=1.7.1=py38_0
  - python=3.8.3=hcff3b4d_2
  - python_abi=3.8=1_cp38
  - pytorch=1.5.1=py3.8_cuda10.2.89_cudnn7.6.5_0
  - readline=8.0=h7b6447c_0
  - requests=2.24.0=py_0
  - setuptools=49.2.0=py38_0
  - six=1.15.0=py_0
  - sqlite=3.32.3=h62c20be_0
  - tk=8.6.10=hbc83047_0
  - toml=0.10.1=py_0
  - torchvision=0.6.1=py38_cu102
  - tqdm=4.47.0=py_0
  - urllib3=1.25.9=py_0
  - wheel=0.34.2=py38_0
  - x264=1!152.20180806=h14c3975_0
  - xz=5.2.5=h7b6447c_0
  - zipp=3.1.0=py_0
  - zlib=1.2.11=h7b6447c_3
  - zstd=1.4.5=h0b5b093_0

